     0/199     14.2G    0.1197   0.08287   0.03052     0.233    0.3242       154       832  0.002567    0.1066 0.0003515 5.408e-05    0.1162   0.07496   0.03067
     1/199     14.2G    0.1132   0.08685   0.02974    0.2298    0.2061       144       832  0.004696    0.0988 0.0009263 0.0001382     0.109   0.08087   0.02997
     2/199     14.2G    0.1061   0.09187   0.02901     0.227    0.1633       169       832  0.006829    0.1415  0.001893 0.0002864     0.102   0.08923   0.02925
     3/199     14.2G    0.1016    0.1003   0.02847    0.2304    0.1213       155       832   0.01161    0.1334  0.003994 0.0006346    0.0959   0.09564   0.02844
     4/199     14.2G   0.09662    0.1043   0.02783    0.2287   0.09729       123       832   0.02098    0.1901  0.008356    0.0014   0.09087   0.09933   0.02784
     5/199     14.2G   0.09201    0.1091   0.02726    0.2283   0.07988       153       832    0.0486    0.1518   0.02205  0.003851   0.08618    0.1007   0.02739
     6/199     14.2G   0.08804    0.1094   0.02682    0.2242   0.07083       167       832   0.09886    0.2677   0.06031   0.01209   0.08154   0.09893   0.02706
     7/199     14.2G   0.08411    0.1051   0.02658    0.2158    0.0673       174       832    0.1941    0.2884    0.1267   0.02732   0.07675   0.09312   0.02695
     8/199     14.2G   0.07829   0.09729   0.02677    0.2024   0.05879       149       832    0.2797    0.3538    0.2038   0.05667   0.07144    0.0827   0.02705
     9/199     14.2G   0.07424    0.0817   0.02679    0.1827   0.05455       136       832      0.31    0.4192    0.2409    0.0764   0.06729    0.0751   0.02704
    10/199     14.2G   0.07049   0.07532   0.02643    0.1722   0.05115       202       832    0.3243    0.4765    0.2756   0.09306   0.06332   0.06939   0.02669
    11/199     14.2G   0.06655   0.07268   0.02616    0.1654   0.04908       150       832    0.3434    0.4979    0.3063    0.1078   0.06054    0.0657   0.02622
    12/199     14.2G     0.064   0.06564   0.02603    0.1557   0.04615       123       832    0.3774    0.5228    0.3398    0.1292   0.05725   0.06231   0.02584
    13/199     14.2G   0.06298   0.06672   0.02541    0.1551   0.04264       134       832    0.3888    0.5307    0.3469    0.1331   0.05475   0.06054   0.02558
    14/199     14.2G   0.06095   0.06508   0.02531    0.1513   0.03955       103       832    0.3736    0.6418    0.3817    0.1531   0.05349   0.05856    0.0254
    15/199     14.2G   0.05883   0.06312   0.02525    0.1472   0.04117       119       832    0.3692     0.705    0.3929     0.165   0.05232   0.05693   0.02533
    16/199     14.2G    0.0568   0.06232   0.02493     0.144   0.04071       145       832    0.3576    0.7338    0.3988    0.1685   0.04983   0.05601   0.02525
    17/199     14.2G   0.05608   0.06189   0.02563    0.1436   0.03643       208       832    0.3749    0.7189    0.4072    0.1743   0.04999   0.05475   0.02522
    18/199     14.2G   0.05553   0.06307   0.02508    0.1437   0.03652       178       832    0.3879    0.7292    0.4188    0.1873   0.04904   0.05353   0.02518
    19/199     14.2G   0.05411   0.06167   0.02501    0.1408   0.03408       207       832    0.4052    0.7219    0.4407    0.2034   0.04679   0.05309   0.02516
    20/199     14.2G   0.05245   0.05951   0.02513    0.1371   0.03308       191       832    0.4041    0.7652    0.4476    0.2216   0.04393   0.05135    0.0251
    21/199     14.2G    0.0513   0.05636   0.02479    0.1325   0.03301       171       832    0.3975    0.7561    0.4473    0.2183   0.04485   0.05091   0.02504
    22/199     14.2G     0.052   0.05971   0.02504    0.1368   0.03155       156       832    0.4195    0.7739    0.4616     0.235   0.04211   0.05004   0.02501
    23/199     14.2G   0.05061   0.05623   0.02492    0.1318    0.0306       122       832    0.3999    0.8026    0.4594    0.2345   0.04294   0.04955   0.02496
    24/199     14.2G    0.0493   0.05961   0.02496    0.1339   0.02947       170       832    0.4135     0.791    0.4651    0.2324   0.04184   0.04878   0.02495
    25/199     14.2G   0.05041   0.05696   0.02484    0.1322   0.02821       159       832    0.4257    0.7786    0.4719    0.2298   0.04446    0.0488   0.02487
    26/199     14.2G   0.05027   0.05437   0.02507    0.1297   0.02676       133       832    0.4509    0.8144    0.4901      0.26   0.03969   0.04759   0.02484
    27/199     14.2G   0.04964   0.05598   0.02474    0.1304    0.0273       146       832    0.4466     0.829    0.4954    0.2602   0.04078   0.04715   0.02477
    28/199     14.2G   0.04893   0.05497   0.02485    0.1287   0.02544       152       832    0.3688    0.7031     0.438    0.1818   0.04386   0.04638   0.02473
    29/199     14.2G     0.053   0.05438   0.02478    0.1322   0.02617       120       832    0.3975    0.7234    0.4592    0.2426   0.04234   0.04634   0.02468
    30/199     14.2G   0.05168   0.05416   0.02449    0.1303    0.0273       200       832    0.4105    0.7712    0.4827    0.2538   0.03948    0.0466   0.02462
    31/199     14.2G   0.05093   0.05682   0.02467    0.1324   0.02558       203       832    0.4147     0.745    0.4797    0.2324   0.04255   0.04589   0.02457
    32/199     14.2G   0.04967   0.05252   0.02455    0.1267    0.0225       168       832    0.4413    0.7932    0.5105    0.2694   0.04046   0.04507   0.02452
    33/199     14.2G   0.04888   0.05197   0.02438    0.1252    0.0226       170       832    0.4467    0.8367    0.5225    0.2861   0.03751    0.0446   0.02445
    34/199     14.2G    0.0472   0.05264   0.02434    0.1242   0.02295       139       832    0.4729    0.7985    0.5334    0.3039   0.03631   0.04434   0.02437
    35/199     14.2G   0.04573   0.05094   0.02424    0.1209   0.02149       132       832     0.452    0.7385    0.5226    0.2847   0.03755   0.04369   0.02432
    36/199     14.2G    0.0466   0.05289   0.02452     0.124   0.02174       151       832    0.4535    0.7201    0.5359    0.2883   0.04002   0.04385   0.02422
    37/199     14.2G   0.04612    0.0552   0.02439    0.1257   0.02059       168       832    0.4966    0.7692    0.5635    0.3274   0.03592   0.04305    0.0242
    38/199     14.2G    0.0446   0.05228    0.0243    0.1212   0.01955       148       832    0.4846    0.8198    0.5824    0.3483   0.03529   0.04251   0.02411
    39/199     14.2G   0.04292   0.05204   0.02417    0.1191   0.01964       125       832    0.5276    0.7533    0.6024     0.365   0.03425   0.04222   0.02401
    40/199     14.2G     0.042   0.05021   0.02424    0.1164   0.01961       127       832    0.5085    0.8059    0.6215    0.3733   0.03461   0.04168    0.0239
    41/199     14.2G   0.04159   0.04662   0.02378     0.112   0.01912       143       832     0.528    0.7825    0.6409    0.4073   0.03257   0.04103   0.02376
    42/199     14.2G    0.0412   0.04939   0.02394    0.1145   0.01859       220       832    0.5376    0.7726    0.6458    0.4102   0.03164   0.04078    0.0236
    43/199     14.2G   0.03978   0.04996   0.02402    0.1138   0.01829       156       832    0.5126    0.8353    0.6627     0.428   0.03121   0.04035   0.02346
    44/199     14.2G   0.03839   0.04581    0.0237    0.1079   0.01796       115       832    0.5531    0.7723    0.6736    0.4313   0.03118    0.0401   0.02329
    45/199     14.2G   0.03762   0.04837   0.02355    0.1095   0.01667       163       832    0.5777    0.7377    0.6915    0.4545   0.03046    0.0397   0.02311
    46/199     14.2G   0.03832   0.05011   0.02338    0.1118   0.01719       127       832    0.5575    0.7709     0.704    0.4503   0.03143   0.03942    0.0229
    47/199     14.2G   0.04012   0.05154   0.02344    0.1151   0.01734       157       832    0.6049     0.744    0.7182    0.4737   0.03064   0.03945   0.02271
    48/199     14.2G   0.03968   0.04776   0.02279    0.1102   0.01693       170       832    0.5803      0.77    0.7277    0.4892   0.02989    0.0395   0.02256
    49/199     14.2G   0.03789    0.0475   0.02303    0.1084   0.01581       148       832    0.6294    0.7853    0.7607    0.5071   0.02945   0.03894   0.02208
    50/199     14.2G   0.03858   0.04877   0.02272    0.1101   0.01581       148       832    0.6581    0.7715    0.7795    0.5291   0.02929   0.03827   0.02178
    51/199     14.2G   0.03761   0.04489   0.02251     0.105   0.01557       106       832    0.6712    0.8022    0.8039     0.547   0.02925   0.03816   0.02128
    52/199     14.2G   0.03713    0.0476   0.02178    0.1065   0.01502       197       832    0.7185    0.7614    0.8172    0.5658   0.02878    0.0376   0.02089
    53/199     14.2G    0.0372   0.04658   0.02144    0.1052   0.01537       147       832     0.713    0.8111    0.8372    0.5636   0.02958   0.03843   0.02035
    54/199     14.2G    0.0357   0.04592   0.02118    0.1028   0.01544       179       832    0.7689    0.7814    0.8555    0.5908    0.0288   0.03752   0.01956
    55/199     14.2G   0.03601   0.04597   0.02059    0.1026   0.01499       131       832    0.7476    0.8315    0.8745    0.6001   0.02908   0.03732   0.01898
    56/199     14.2G   0.03588   0.04741   0.02011    0.1034   0.01481       142       832    0.7343    0.8315    0.8768    0.6097   0.02808   0.03699   0.01879
    57/199     14.2G   0.03514   0.04589   0.01943    0.1005   0.01436       167       832    0.8077    0.7971    0.8907     0.603   0.02916   0.03711     0.018
    58/199     14.2G   0.03531   0.04515   0.01911   0.09957   0.01444       149       832      0.84    0.7883    0.9003    0.6258   0.02865   0.03689   0.01753
    59/199     14.2G   0.03512   0.04514   0.01841   0.09866   0.01376       210       832     0.885     0.802    0.9102    0.6337   0.02849   0.03672   0.01666
    60/199     14.2G   0.03499   0.04444   0.01798   0.09741   0.01366       120       832    0.8709    0.7819    0.9074    0.6309   0.02846   0.03721   0.01683
    61/199     14.2G    0.0344   0.04519   0.01756   0.09715   0.01397       171       832    0.8732    0.8347    0.9224    0.6511   0.02818   0.03646   0.01563
    62/199     14.2G   0.03475   0.04461   0.01735   0.09671    0.0138       164       832    0.8837    0.8316    0.9224     0.653   0.02705   0.03617   0.01514
    63/199     14.2G   0.03336   0.04288   0.01648   0.09272   0.01376       142       832    0.8997    0.8427    0.9319    0.6491   0.02749   0.03612   0.01433
    64/199     14.2G    0.0334   0.04568   0.01607   0.09515   0.01401       129       832    0.8756    0.8565    0.9335    0.6495    0.0273   0.03572   0.01442
    65/199     14.2G   0.03405   0.04464   0.01574   0.09442   0.01358       169       832    0.8853    0.8314    0.9338     0.659   0.02684   0.03574   0.01456
    66/199     14.2G   0.03409   0.04396   0.01518   0.09323    0.0131       130       832    0.8929    0.8593      0.94    0.6569   0.02728   0.03594   0.01366
    67/199     14.2G   0.03351   0.04278    0.0149   0.09119   0.01306       178       832    0.8999    0.8734    0.9438    0.6705   0.02691   0.03554   0.01284
    68/199     14.2G   0.03357   0.04411    0.0148   0.09249   0.01267       121       832    0.8679    0.8618    0.9391    0.6534   0.02816   0.03597   0.01384
    69/199     14.2G   0.03328   0.04235   0.01457    0.0902   0.01243       195       832    0.8833    0.8627    0.9425    0.6688   0.02664   0.03533   0.01368
    70/199     14.2G    0.0332   0.04388   0.01457   0.09165   0.01239       156       832    0.9228    0.8762    0.9466    0.6808   0.02632   0.03508   0.01245
    71/199     14.2G    0.0331   0.04505   0.01423   0.09239    0.0121       173       832    0.9201    0.8736    0.9493    0.6798   0.02592   0.03471   0.01238
    72/199     14.2G    0.0329   0.04618   0.01384   0.09292    0.0117       181       832     0.905    0.8802    0.9497    0.6874   0.02586   0.03473   0.01258
    73/199     14.2G    0.0325   0.04404   0.01364   0.09018   0.01262       174       832    0.9145    0.8882    0.9545    0.6853   0.02589   0.03477   0.01192
    74/199     14.2G   0.03208   0.04259   0.01326   0.08793   0.01187       129       832    0.9332    0.8794    0.9553    0.6847   0.02591   0.03451   0.01161
    75/199     14.2G   0.03248   0.04304   0.01332   0.08885   0.01182       187       832    0.9336    0.8875    0.9573    0.6963   0.02525   0.03406   0.01143
    76/199     14.2G   0.03183    0.0423   0.01326    0.0874   0.01184       168       832     0.937    0.8842    0.9565    0.6929   0.02564   0.03423   0.01132
    77/199     14.2G   0.03221   0.04215   0.01289   0.08724   0.01147       133       832    0.9431    0.8934    0.9605    0.6964   0.02543   0.03404   0.01111
    78/199     14.2G   0.03214   0.03974   0.01273   0.08462   0.01207       134       832    0.9172    0.8908    0.9588    0.6989   0.02508   0.03381    0.0117
    79/199     14.2G   0.03282   0.04475    0.0128   0.09037   0.01169       195       832    0.9229    0.8903    0.9586     0.704   0.02487   0.03378   0.01159
    80/199     14.2G   0.03163   0.04351   0.01304   0.08818   0.01125       160       832    0.9392    0.8997    0.9633    0.7036   0.02484   0.03359   0.01093
    81/199     14.2G   0.03135   0.04144   0.01283   0.08562   0.01137       117       832    0.9461    0.8833    0.9635    0.7107   0.02458    0.0334   0.01112
    82/199     14.2G    0.0313   0.04273   0.01265   0.08668   0.01113       174       832    0.9333    0.9014    0.9614    0.7093     0.025   0.03352   0.01097
    83/199     14.2G    0.0319   0.04298   0.01268   0.08756   0.01167       127       832    0.9331    0.9149    0.9664    0.7129    0.0243   0.03311   0.01082
    84/199     14.2G    0.0302   0.04125   0.01256     0.084   0.01101        93       832    0.9534    0.9003    0.9654     0.712   0.02434   0.03321   0.01064
    85/199     14.2G   0.03069   0.04171   0.01263   0.08503    0.0117       144       832    0.9583    0.8998    0.9688    0.7181     0.024    0.0329   0.01049
    86/199     14.2G   0.02977   0.03988   0.01233   0.08198    0.0113       160       832    0.9311    0.9281     0.969    0.7198   0.02433   0.03296   0.01042
    87/199     14.2G   0.03073    0.0406   0.01233   0.08365    0.0112       165       832    0.9435    0.9127    0.9673    0.7116   0.02458   0.03286   0.01045
    88/199     14.2G   0.03019   0.03976   0.01202   0.08197   0.01129        97       832    0.9526    0.9063    0.9695    0.7162   0.02448   0.03282    0.0105
    89/199     14.2G    0.0309    0.0415    0.0121    0.0845   0.01109       123       832    0.9534    0.9155    0.9699    0.7194   0.02408    0.0327   0.01019
    90/199     14.2G   0.03111   0.04111   0.01206   0.08428   0.01095       144       832    0.9563    0.9182    0.9715    0.7173   0.02467   0.03289   0.01014
    91/199     14.2G   0.03038   0.04131   0.01227   0.08396   0.01086       117       832     0.944    0.9225    0.9707    0.7187   0.02457   0.03265   0.01017
    92/199     14.2G   0.03046   0.04372   0.01242    0.0866   0.01123       193       832    0.9394    0.9202    0.9693    0.7229   0.02407   0.03246    0.0103
    93/199     14.2G   0.03019   0.04191   0.01204   0.08414   0.01074       175       832    0.9532    0.9122    0.9707    0.7334   0.02328   0.03219   0.01028
    94/199     14.2G   0.02948   0.04111   0.01202   0.08261    0.0107       130       832    0.9547    0.9265    0.9722    0.7256   0.02327   0.03202   0.01004
    95/199     14.2G   0.02778   0.03869   0.01171   0.07818   0.01055       144       832    0.9466    0.9299    0.9725    0.7278   0.02345   0.03193    0.0101
    96/199     14.2G   0.02827   0.03752    0.0113   0.07708   0.01094       181       832    0.9693    0.9141    0.9723    0.7322   0.02324   0.03203   0.01003
    97/199     14.2G   0.02939   0.04052   0.01165   0.08156   0.01014       111       832    0.9553    0.9084    0.9707    0.7313   0.02345   0.03195   0.01025
    98/199     14.2G   0.02891   0.03975    0.0119   0.08057   0.01048       121       832    0.9594    0.9278    0.9745    0.7322   0.02297   0.03181  0.009917
    99/199     14.2G   0.02847   0.03959   0.01165    0.0797   0.01046       137       832    0.9636    0.9204    0.9738    0.7361   0.02301   0.03162  0.009801
   100/199     14.2G   0.02847   0.04007   0.01132   0.07986    0.0103       152       832    0.9674    0.9238    0.9756    0.7445   0.02272   0.03155  0.009788
   101/199     14.2G   0.02891   0.04049   0.01153   0.08094   0.01013       201       832    0.9691    0.9153    0.9747    0.7423   0.02256   0.03139  0.009877
   102/199     14.2G   0.02829   0.04121   0.01159   0.08109    0.0104       229       832    0.9567    0.9291    0.9748    0.7421   0.02264   0.03149  0.009783
   103/199     14.2G   0.02816    0.0396    0.0113   0.07906  0.009818        82       832     0.965    0.9108    0.9745    0.7431   0.02259   0.03133  0.009907
   104/199     14.2G   0.02786   0.04015   0.01105   0.07907   0.01028       163       832    0.9621    0.9222    0.9742    0.7403   0.02264   0.03153  0.009806
   105/199     14.2G    0.0282   0.04033    0.0113   0.07982   0.01007       120       832    0.9723    0.9174     0.976    0.7442    0.0224   0.03121  0.009699
   106/199     14.2G   0.02749   0.03856   0.01118   0.07723   0.01117       143       832    0.9642    0.9318    0.9762    0.7384   0.02262   0.03146  0.009642
   107/199     14.2G   0.02762   0.04097   0.01123   0.07983   0.01089       179       832    0.9692    0.9301    0.9766    0.7475   0.02214   0.03092  0.009582
   108/199     14.2G   0.02748   0.03861   0.01111    0.0772   0.01001       184       832    0.9665    0.9292    0.9771    0.7471   0.02236     0.031  0.009606
   109/199     14.2G   0.02779   0.03969   0.01124   0.07871  0.009778       142       832    0.9666    0.9355    0.9775    0.7435   0.02231     0.031  0.009572
   110/199     14.2G   0.02785    0.0382   0.01102   0.07707   0.01007       153       832    0.9661    0.9342    0.9776    0.7496   0.02219   0.03097  0.009515
   111/199     14.2G   0.02711   0.03881   0.01107   0.07699   0.01028       139       832    0.9661      0.93    0.9772     0.747   0.02196   0.03073  0.009524
   112/199     14.2G   0.02714     0.039   0.01098   0.07713  0.009943       167       832    0.9723     0.925    0.9779    0.7464   0.02197   0.03061  0.009467
   113/199     14.2G   0.02724   0.03796   0.01114   0.07634  0.009957       156       832     0.972    0.9292    0.9783    0.7518   0.02161   0.03042  0.009452
   114/199     14.2G   0.02727   0.03978   0.01116   0.07822  0.009965       126       832    0.9761    0.9269    0.9791    0.7535   0.02175    0.0304  0.009408
   115/199     14.2G   0.02687   0.03987   0.01096   0.07769  0.009873       147       832    0.9706    0.9336    0.9791    0.7562   0.02181   0.03054  0.009403
   116/199     14.2G   0.02732   0.03877   0.01099   0.07708  0.009532       146       832    0.9663    0.9384    0.9776    0.7581   0.02168   0.03034  0.009515
   117/199     14.2G   0.02677   0.03774   0.01107   0.07558    0.0097       190       832    0.9732    0.9321    0.9793    0.7597   0.02155    0.0303  0.009445
   118/199     14.2G   0.02737   0.04005   0.01116   0.07858   0.01005       154       832    0.9664    0.9403    0.9787    0.7561   0.02162   0.03018  0.009455
   119/199     14.2G    0.0264    0.0366   0.01087   0.07388   0.01003       117       832    0.9654    0.9403    0.9788     0.759    0.0215    0.0302  0.009415
   120/199     14.2G   0.02649     0.039   0.01071    0.0762  0.009664       178       832    0.9723    0.9317    0.9777    0.7574    0.0214   0.03007  0.009414
   121/199     14.2G    0.0267   0.03847   0.01086   0.07603   0.01035       151       832    0.9754    0.9327    0.9791    0.7571   0.02148   0.03003  0.009347
   122/199     14.2G   0.02695   0.03895   0.01086   0.07675  0.009298       170       832    0.9718    0.9338    0.9787    0.7606   0.02131   0.02993   0.00934
   123/199     14.2G   0.02617   0.03719   0.01089   0.07425  0.009566       143       832    0.9668    0.9358     0.978    0.7624   0.02122   0.02985  0.009387
   124/199     14.2G   0.02649    0.0402   0.01089   0.07757  0.009464       175       832    0.9661    0.9404    0.9787    0.7632   0.02123   0.02993  0.009357
   125/199     14.2G    0.0263   0.03992   0.01071   0.07693  0.009933       154       832    0.9694    0.9433    0.9801    0.7647   0.02123    0.0298   0.00932
   126/199     14.2G   0.02617   0.03745    0.0109   0.07452  0.009923       172       832    0.9741    0.9384    0.9786    0.7627   0.02118   0.02985  0.009287
   127/199     14.2G   0.02647   0.03899   0.01088   0.07634  0.009683       184       832    0.9769    0.9396    0.9801    0.7643   0.02106   0.02974  0.009258
   128/199     14.2G   0.02608   0.03934   0.01075   0.07617   0.00925        97       832    0.9654    0.9485    0.9806    0.7693   0.02092   0.02976  0.009261
   129/199     14.2G   0.02616   0.03818   0.01054   0.07488  0.009579       132       832    0.9755    0.9408    0.9812    0.7702   0.02093   0.02963  0.009269
   130/199     14.2G   0.02672   0.03975   0.01117   0.07764  0.009493       201       832     0.974    0.9438    0.9796    0.7673   0.02094   0.02968  0.009235
   131/199     14.2G   0.02614   0.03762   0.01098   0.07474  0.009317       173       832    0.9743     0.941    0.9798     0.762   0.02112   0.02979  0.009222
   132/199     14.2G   0.02565    0.0362   0.01067   0.07253  0.009322       112       832    0.9742    0.9445    0.9814    0.7652   0.02095   0.02948  0.009197
   133/199     14.2G   0.02576   0.03736   0.01064   0.07375   0.00916       166       832     0.979    0.9406    0.9812    0.7671   0.02095   0.02952  0.009188
   134/199     14.2G   0.02598   0.03749   0.01048   0.07395  0.009128       176       832    0.9763    0.9394    0.9799    0.7648   0.02103   0.02957  0.009214
   135/199     14.2G   0.02604   0.03915   0.01086   0.07605  0.009469       155       832     0.977    0.9408      0.98    0.7657   0.02107   0.02954  0.009164
   136/199     14.2G    0.0264   0.03993    0.0107   0.07704  0.009245       152       832    0.9774    0.9429    0.9818    0.7695   0.02089   0.02943  0.009159
   137/199     14.2G   0.02542   0.03795   0.01063   0.07401   0.00945       109       832    0.9796    0.9429    0.9821    0.7711   0.02088   0.02941  0.009154
   138/199     14.2G   0.02608    0.0385   0.01068   0.07526  0.009365       204       832    0.9781    0.9444    0.9817    0.7671   0.02095   0.02948  0.009149
   139/199     14.2G   0.02598   0.03696   0.01034   0.07328  0.009082       142       832    0.9739     0.944    0.9806    0.7672   0.02092   0.02942  0.009178
   140/199     14.2G    0.0248   0.03501   0.01026   0.07007  0.008933       134       832    0.9757    0.9428    0.9814     0.769   0.02091   0.02938  0.009165
   141/199     14.2G   0.02462    0.0348    0.0102   0.06962   0.00956       116       832    0.9796    0.9419    0.9815    0.7753   0.02066   0.02908  0.009152
   142/199     14.2G   0.02568    0.0374   0.01075   0.07383  0.009109       130       832    0.9806    0.9382    0.9807     0.774   0.02056   0.02896  0.009118
   143/199     14.2G   0.02544   0.03588    0.0106   0.07191  0.008858       174       832    0.9758    0.9421    0.9815    0.7709    0.0207   0.02904  0.009111
   144/199     14.2G    0.0252   0.03665    0.0106   0.07244  0.009088       187       832     0.977    0.9466    0.9826    0.7754   0.02055   0.02907   0.00909
   145/199     14.2G   0.02483   0.03599   0.01046   0.07128  0.008933       144       832    0.9722    0.9482    0.9817    0.7705   0.02086   0.02928  0.009084
   146/199     14.2G   0.02512   0.03552   0.01057   0.07121  0.009233       110       832    0.9769    0.9418    0.9812    0.7736   0.02066   0.02904  0.009079
   147/199     14.2G   0.02482   0.03616   0.01055   0.07154    0.0091       141       832    0.9731    0.9453    0.9822    0.7749   0.02049   0.02901  0.009115
   148/199     14.2G   0.02564   0.03897    0.0104   0.07501  0.008872       178       832    0.9756    0.9425    0.9824    0.7777   0.02048     0.029   0.00914
   149/199     14.2G   0.02508   0.03905   0.01043   0.07457  0.009293       170       832    0.9801    0.9395     0.982    0.7741   0.02053   0.02902  0.009061
   150/199     14.2G   0.02482   0.03783   0.01042   0.07306  0.009182       196       832    0.9714    0.9494    0.9817    0.7751   0.02049   0.02899  0.009086
   151/199     14.2G   0.02534   0.03753   0.01048   0.07335  0.009197       174       832    0.9791    0.9432    0.9817    0.7741   0.02054   0.02892  0.009063
   152/199     14.2G   0.02502   0.03759   0.01044   0.07305  0.008984       140       832    0.9744    0.9463    0.9822    0.7761   0.02046   0.02879  0.009052
   153/199     14.2G   0.02478   0.03617   0.01035    0.0713  0.008781       152       832    0.9796    0.9421    0.9821    0.7735   0.02048   0.02884  0.009055
   154/199     14.2G   0.02511    0.0374   0.01057   0.07308  0.009152       157       832    0.9801    0.9403    0.9813    0.7789   0.02029   0.02866  0.009071
   155/199     14.2G   0.02524   0.03742   0.01037   0.07303  0.008916       158       832    0.9734    0.9487    0.9836    0.7765   0.02036   0.02876  0.009052
   156/199     14.2G   0.02485   0.03603   0.01047   0.07136  0.008595        89       832    0.9818    0.9418    0.9836    0.7776   0.02036   0.02868  0.009051
   157/199     14.2G   0.02453   0.03533   0.01023   0.07009  0.008852       141       832    0.9788    0.9439    0.9831    0.7778   0.02033   0.02866  0.009083
   158/199     14.2G   0.02551    0.0375   0.01072   0.07374  0.009161       134       832    0.9807    0.9437    0.9822     0.778   0.02025   0.02853  0.009035
   159/199     14.2G   0.02538   0.03731   0.01044   0.07312  0.009045       147       832    0.9822    0.9429    0.9837    0.7812   0.02021   0.02844  0.009011
   160/199     14.2G    0.0239   0.03555   0.01024   0.06968   0.00915       149       832     0.973     0.953    0.9827    0.7827   0.02011   0.02833  0.009085
   161/199     14.2G   0.02542   0.03766   0.01045   0.07353  0.009244       135       832    0.9703    0.9539     0.983    0.7804   0.02021   0.02854  0.009021
   162/199     14.2G   0.02467   0.03733   0.01022   0.07223  0.008824       142       832    0.9743     0.951    0.9818    0.7787   0.02036   0.02871  0.008976
   163/199     14.2G   0.02441   0.03574   0.01034   0.07049  0.009081       170       832    0.9765    0.9489    0.9833    0.7802   0.02027   0.02847  0.008982
   164/199     14.2G   0.02477   0.03713   0.01035   0.07225  0.008737       127       832    0.9762    0.9505    0.9849    0.7821   0.02019   0.02847  0.008995
   165/199     14.2G   0.02509   0.03845   0.01033   0.07387  0.008746       127       832    0.9746    0.9523     0.985    0.7841    0.0201   0.02825   0.00899
   166/199     14.2G   0.02464   0.03633   0.01024   0.07121  0.009131       123       832    0.9729    0.9546    0.9847    0.7836   0.02001   0.02823  0.008945
   167/199     14.2G   0.02487    0.0376   0.01017   0.07264  0.008603       138       832    0.9768    0.9502    0.9848    0.7828   0.02004   0.02823  0.009011
   168/199     14.2G   0.02404    0.0349   0.01038   0.06932  0.008509       160       832    0.9706     0.956    0.9838    0.7816   0.02013   0.02822  0.008944
   169/199     14.2G   0.02448   0.03745   0.01028   0.07221  0.008678       128       832    0.9714    0.9554     0.984    0.7803    0.0201   0.02835  0.008947
   170/199     14.2G   0.02381   0.03581   0.01007   0.06969  0.008505       127       832    0.9802    0.9453    0.9839    0.7843    0.0201    0.0284  0.008948
   171/199     14.2G   0.02472   0.03664   0.01033    0.0717  0.008369       168       832    0.9741    0.9526    0.9836    0.7811   0.02017   0.02838  0.009001
   172/199     14.2G   0.02504   0.03645   0.01041    0.0719  0.008687       152       832    0.9715    0.9541    0.9832    0.7843   0.02002   0.02835  0.008978
   173/199     14.2G   0.02521   0.03726   0.01024   0.07271   0.00893       169       832    0.9835    0.9431    0.9823    0.7864   0.01992   0.02823  0.008949
   174/199     14.2G     0.024   0.03514    0.0102   0.06934  0.008644       158       832    0.9791      0.95    0.9851    0.7828   0.02007   0.02817  0.008925
   175/199     14.2G   0.02402   0.03541   0.01016   0.06958  0.008607       172       832     0.975    0.9532    0.9838     0.785    0.0199   0.02819  0.008942
   176/199     14.2G   0.02472   0.03619   0.01038   0.07129  0.008695       174       832    0.9743    0.9546    0.9839    0.7858   0.01998   0.02816  0.008923
   177/199     14.2G   0.02379   0.03523   0.01004   0.06906  0.008618       159       832    0.9786    0.9485    0.9839     0.786   0.01984   0.02809   0.00889
   178/199     14.2G   0.02482   0.03709   0.01019   0.07209  0.008575       144       832    0.9795    0.9503    0.9845    0.7827   0.01995   0.02809  0.008894
   179/199     14.2G   0.02468    0.0367   0.01015   0.07152  0.009068       133       832    0.9788    0.9495    0.9836    0.7853   0.01986   0.02804    0.0089
   180/199     14.2G   0.02436   0.03554   0.00994   0.06984  0.008579       161       832    0.9755    0.9522    0.9853    0.7856    0.0198   0.02793  0.008903
   181/199     14.2G   0.02449   0.03505   0.01031   0.06985  0.008723       213       832    0.9762     0.952    0.9842    0.7869   0.01977   0.02792   0.00891
   182/199     14.2G   0.02387   0.03558   0.01023   0.06968  0.008772       122       832    0.9701    0.9572     0.983    0.7897   0.01984   0.02789  0.008913
   183/199     14.2G   0.02459   0.03645   0.01035   0.07139  0.008637       149       832    0.9684     0.959    0.9844    0.7894    0.0197   0.02785  0.008915
   184/199     14.2G   0.02455   0.03603   0.01045   0.07103  0.008411       169       832    0.9743    0.9512    0.9821    0.7892   0.01976    0.0279  0.008909
   185/199     14.2G   0.02416   0.03543   0.01039   0.06999  0.008371       165       832    0.9706    0.9557    0.9825    0.7882   0.01971   0.02793  0.008905
   186/199     14.2G    0.0241   0.03731   0.01024   0.07165  0.008768       146       832     0.973    0.9554    0.9851    0.7908   0.01974   0.02798  0.008889
   187/199     14.2G   0.02441   0.03629   0.01014   0.07084  0.008591       159       832    0.9745    0.9544    0.9824    0.7872   0.01986   0.02802  0.008874
   188/199     14.2G   0.02452   0.03751   0.01025   0.07228  0.008431       160       832    0.9768    0.9539    0.9851    0.7875   0.01991   0.02809  0.008914
   189/199     14.2G    0.0243   0.03679   0.01021    0.0713  0.008788       191       832    0.9777    0.9511    0.9826    0.7899    0.0198   0.02792  0.008898
   190/199     14.2G   0.02468   0.03805    0.0103   0.07303  0.008204       144       832    0.9666      0.96    0.9833    0.7933   0.01963   0.02779  0.008883
   191/199     14.2G   0.02452   0.03747   0.01018   0.07217  0.008281       194       832    0.9806    0.9501    0.9837    0.7869   0.01977   0.02781  0.008888
   192/199     14.2G   0.02446   0.03533   0.01003   0.06982  0.008432       213       832    0.9725    0.9567    0.9853    0.7903   0.01976   0.02797  0.008906
   193/199     14.2G    0.0244   0.03729   0.01018   0.07187  0.008716       175       832    0.9743    0.9556    0.9853    0.7891   0.01976   0.02789  0.008887
   194/199     14.2G   0.02427   0.03466   0.01024   0.06917  0.008336       140       832    0.9753    0.9555    0.9844     0.789   0.01966   0.02781  0.008879
   195/199     14.2G   0.02413   0.03581  0.009945   0.06988  0.008549       155       832    0.9774    0.9516    0.9845    0.7898   0.01964   0.02777  0.008851
   196/199     14.2G   0.02375   0.03624  0.009959   0.06995  0.008671       171       832    0.9743    0.9552    0.9857    0.7908   0.01957   0.02768  0.008856
   197/199     14.2G   0.02427   0.03684   0.01024   0.07135  0.008669       126       832    0.9746    0.9569    0.9856    0.7931   0.01952   0.02755   0.00886
   198/199     14.2G   0.02349   0.03378   0.01007   0.06734  0.008505       211       832    0.9745    0.9557    0.9856    0.7926   0.01957   0.02764  0.008875
   199/199     14.2G   0.02437   0.03597   0.01012   0.07046  0.008267       171       832    0.9807    0.9478    0.9857    0.7927   0.01954   0.02761  0.008872
